1234657
1245763
1246537
1246573
1247563
1254367
1254637
1256347
1257463
1263547
1264537
1264573
1265347
1275643
1276543
1324567
1342567
1342657
1345627
1354267
1356247
1356427
1362457
1425367
1426753
1427563
1427653
1435627
1436257
1436527
1452637
1453267
1463257
1465273
1476253
1476523
1524637
1524763
1532647
1546273
1546327
1562347
1563427
1564237
1572643
1574623
1576243
1624573
1625347
1632457
1634257
1645327
1647253
1647523
1652347
1653427
1672453
1674523
1725463
1726453
1742563
1752643
1764253
2136457
2143567
2145763
2146357
2153647
2156437
2163547
2176543
2315647
2341567
2345617
2347561
2354167
2364517
2365471
2375641
2376541
2413657
2431657
2436517
2436571
2451367
2451637
2456371
2456731
2457361
2457613
2467351
2475163
2476351
2516473
2534671
2536147
2537461
2543617
2546317
2547361
2547613
2547631
2561743
2563147
2563417
2576341
2613547
2631457
2634517
2637451
2637541
2641357
2645371
2647531
2651437
2651743
2653741
2654317
2654371
2657143
2657341
2674513
2674531
2714563
2716453
2716543
2734561
2735641
2736451
2741653
2743561
2745361
2754361
2761453
2761543
2765143
3124567
3124657
3126457
3126547
3145627
3152467
3154267
3156427
3165427
3214567
3214657
3215467
3216457
3241657
3245761
3246157
3246751
3251467
3254761
3256417
3256471
3257641
3261547
3264571
3265741
3412567
3412657
3415627
3421567
3421657
3427561
3451627
3452671
3456127
3456217
3456721
3457261
3461257
3462517
3462751
3465271
3467251
3467521
3475261
3512647
3514267
3516427
3524617
3526147
3526741
3542167
3542761
3546271
3546721
3561247
3562417
3574621
3576421
3612457
3612547
3624157
3627451
3642157
3642571
3672451
3672541
3674521
3675241
3725461
3742561
3746521
3752641
3756241
3756421
3765241
4125637
4125673
4126537
4127653
4135627
4152763
4157623
4165327
4167523
4172653
4175263
4176253
4213567
4216573
4216753
4231567
4235761
4253167
4253617
4253671
4257163
4257613
4261357
4263157
4265137
4265713
4265731
4267531
4271563
4276513
4312657
4321657
4325617
4326571
4356217
4356721
4361257
4362751
4365271
4372651
4375621
4513627
4516327
4521367
4521637
4523671
4526371
4527361
4537261
4561237
4561327
4561723
4562317
4562731
4563127
4563217
4563271
4567231
4571263
4572163
4621537
4625713
4631527
4637251
4652173
4652317
4657123
4657321
4672531
4675123
4712563
4716253
4721653
4723561
4725613
4725631
4732561
4752361
4765213
5123467
5126347
5126437
5136427
5142637
5143267
5146237
5162473
5162743
5164273
5164723
5172463
5176243
5214367
5214637
5214763
5216473
5231647
5234167
5236741
5237641
5241673
5243167
5243761
5246173
5246713
5247163
5261743
5263417
5264137
5264173
5267341
5267413
5271463
5274163
5274631
5276431
5312467
5321467
5321647
5327461
5341627
5342167
5342761
5346127
5347621
5361247
5364127
5367421
5376421
5421673
5421763
5423167
5423617
5426173
5426371
5426713
5431627
5436127
5436217
5436271
5436721
5461273
5461723
5462137
5462173
5463217
5463721
5472613
5472631
5473261
5476213
5614327
5621437
5624137
5624317
5624713
5627143
5631427
5632741
5634217
5634721
5641327
5643217
5647231
5647321
5672341
5672413
5674231
5723461
5724163
5724613
5726143
5726341
5734621
5742361
5742631
5746123
5746231
5761423
5762143
5762413
5763421
6124753
6134257
6142573
6145273
6145327
6145723
6152743
6154273
6154723
6174253
6175243
6175423
6214357
6214573
6214753
6215347
6217543
6234517
6235147
6235417
6235741
6241537
6243157
6245731
6251347
6251743
6257143
6257431
6274531
6275341
6312547
6321457
6325471
6342157
6342517
6345127
6345271
6345721
6347521
6352147
6352741
6354217
6415237
6421573
6423517
6423751
6435127
6435721
6437521
6451723
6452137
6453721
6457123
6472351
6472513
6473251
6475321
6512347
6512437
6513427
6514327
6524137
6527413
6541723
6542713
6543127
6547213
6572143
6572413
6572431
6574231
6714523
6724351
6725143
6732541
6734521
6745231
6751243
6754213
7124653
7125463
7126453
7126543
7142563
7145623
7152643
7164253
7165423
7215643
7216453
7216543
7234651
7245361
7246513
7253461
7253641
7256341
7264351
7264513
7264531
7324561
7324651
7352461
7354261
7356421
7362541
7412563
7412653
7415623
7421563
7425361
7425631
7426351
7432651
7435621
7451263
7451623
7452163
7456231
7456321
7462513
7514623
7524631
7526143
7536241
7536421
7541623
7542163
7546321
7561423
7562341
7562413
7562431
7564231
7621543
7624531
7625143
7625341
7641253
7642513
7652413
10235647
10236547
10243567
10243657
10245637
10247563
10254367
10254763
10256347
10256473
10257463
10264357
10264537
10346257
10356427
10364527
10425367
10425637
10425673
10426357
10426753
10432567
10436527
10452367
10452763
10453627
10456273
10457263
10462357
10463527
10467253
10475263
10523467
10532647
10534267
10547623
10562437
10562473
10563247
10567243
10574623
10624573
10625347
10625473
10627453
10632547
10642573
10643257
10643527
10645237
10645273
10647523
10653427
10654327
10724653
10725643
10752463
11243657
11245763
11246357
11254637
11256347
11265437
11265473
11267453
11275463
11324657
11325647
11326547
11345267
11345627
11352647
11356427
11362457
11425367
11426357
11435267
11456327
11456723
11457263
11462753
11465273
11465723
11475623
11476523
11542673
11542763
11547623
11562347
11563427
11564237
11564327
11564723
11574623
11623457
11624573
11625347
11642537
11647253
11654327
11674253
11724563
11725463
11726543
11745263
11746253
11746523
11754623
12036457
12043567
12046753
12056437
12065743
12067543
12074653
12075643
12136457
12136547
12145673
12146357
12146573
12146753
12147563
12153467
12154367
12164357
12165347
12165743
12174653
12175643
12304657
12306457
12315467
12315647
12316457
12316547
12345367
12345637
12345647
12345769
12346597
12346657
12347651
12350467
12351467
12354637
12354673
12354677
12354763
12354967
12356147
12356417
12356447
12356471
12356647
12356741
12356749
12356947
12357461
12357649
12359647
12360457
12364057
12364357
12364507
12364537
12364757
12365347
12365407
12365473
12365741
12367451
12367457
12369547
12374569
12374651
12375469
12375641
12376541
12394567
12405637
12406357
12413657
12415367
12416357
12417563
12417653
12434657
12435167
12435673
12435679
12435767
12436057
12436357
12436517
12436547
12436597
12436751
12437651
12437653
12443657
12446537
12450673
12453647
12453671
12453677
12453761
12453769
12453967
12456307
12456337
12456371
12456373
12456473
12456673
12457633
12457639
12457663
12457693
12459673
12460537
12460753
12463357
12463537
12463547
12463571
12463579
12463597
12463657
12463757
12465307
12465347
12465367
12465703
12465773
12467153
12467563
12467573
12469357
12469573
12473561
12473651
12475363
12475367
12475663
12476531
12476533
12476543
12476753
12476953
12479653
12496753
12514367
12516473
12530467
12530647
12531647
12534367
12534617
12534637
12534647
12534679
12534761
12536047
12536347
12536467
12536477
12536647
12537641
12537647
12539467
12541637
12541673
12543367
12543607
12543647
12543677
12543679
12543761
12543767
12543967
12546073
12546337
12546371
12546379
12546397
12546773
12547361
12547603
12547643
12549673
12560347
12560437
12563417
12563437
12563477
12564137
12564317
12564347
12564637
12564731
12564733
12564973
12566473
12567143
12567349
12567433
12567439
12567473
12569743
12573469
12573641
12573643
12574063
12574631
12574633
12574643
12574673
12574763
12576143
12576349
12576493
12576743
12576943
12593467
12594367
12596743
12597463
12597643
12605743
12607453
12613457
12613547
12614573
12615437
12617453
12617543
12633547
12634537
12634547
12634571
12634579
12634597
12635407
12637453
12639457
12639547
12641357
12641537
12643571
12643573
12645173
12645337
12645371
12645713
12645733
12645973
12646537
12647153
12647351
12647357
12647359
12647513
12647563
12647753
12649537
12651437
12653467
12653471
12653477
12653479
12653497
12654337
12654371
12654713
12654737
12654793
12656437
12657341
12657343
12657443
12657473
12657943
12659473
12664357
12664537
12665743
12670453
12671543
12674359
12674531
12674533
12674593
12674953
12675343
12675431
12675493
12679543
12693547
12694573
12694753
12697543
12705643
12734651
12735469
12735649
12736543
12743567
12744653
12745063
12745163
12745361
12745363
12745367
12745613
12745633
12745639
12745643
12746453
12746543
12746593
12746653
12746953
12747563
12747653
12749563
12750643
12751463
12753469
12753647
12754163
12754367
12754463
12754631
12754639
12754663
12756343
12756413
12756431
12756437
12756439
12756463
12756473
12756943
12757643
12760543
12761453
12763453
12763547
12764053
12764357
12764359
12764503
12764513
12764533
12764537
12764953
12765143
12765349
12765413
12765433
12765439
12765463
12766543
12769543
12774563
12775463
12776453
12795463
12945637
12946357
12947563
12953467
12954367
12954673
12954763
12957463
12964753
12967453
12967543
12974653
12975643
13025647
13052467
13052647
13054267
13064257
13065427
13125467
13142567
13146257
13162547
13164527
13165247
13204567
13214657
13236547
13240657
13245367
13245467
13245607
13245647
13246357
13246573
13246657
13246759
13247567
13247657
13249657
13251467
13251647
13253467
13254167
13254607
13254617
13254667
13256147
13256417
13256647
13257469
13263457
13264357
13264507
13264547
13264567
13264579
13265437
13265471
13265479
13265947
13267459
13267547
13269547
13274563
13274567
13276547
13295647
13346257
13346527
13356247
13405267
13406257
13406527
13415627
13421567
13425067
13425617
13425679
13425967
13426057
13426573
13426657
13426757
13426759
13427563
13429567
13435267
13442657
13450267
13452067
13452697
13453267
13456273
13456279
13456327
13457261
13457629
13460527
13462357
13462457
13462571
13462573
13465217
13465297
13465723
13465729
13467253
13467529
13469257
13472659
13476521
13476523
13495267
13502647
13523467
13524167
13524671
13524677
13524761
13524769
13526417
13526477
13526479
13526749
13527463
13527467
13527641
13527643
13527649
13536427
13540627
13542367
13542467
13542637
13542647
13542673
13542679
13542967
13543267
13546207
13546237
13546271
13546279
13546627
13549267
13562047
13562347
13562467
13562473
13562477
13563247
13564027
13564127
13564207
13564279
13564297
13564427
13564729
13567423
13572463
13572467
13572469
13574629
13576247
13576249
13605247
13620457
13624057
13624357
13624537
13624753
13624757
13625467
13625473
13625477
13625497
13625743
13625947
13627451
13627459
13627547
13640257
13641527
13642357
13642457
13642507
13642537
13642547
13642753
13642757
13642957
13643527
13645127
13645207
13645217
13645727
13646527
13647253
13647259
13647521
13651247
13652047
13652437
13652477
13652497
13653247
13653427
13654127
13654237
13654297
13654327
13654427
13654721
13654727
13657243
13657249
13659427
13662457
13664257
13664527
13672453
13674257
13675241
13675243
13675423
13695427
13724653
13726451
13726547
13726549
13742657
13745261
13745629
13752461
13752469
13752649
13754263
13754623
13754627
13756243
13756423
13756429
13762453
13762459
13762547
13762549
13764251
13765243
13765249
13765421
13924657
13925467
13956247
13962547
13964257
13964527
14023567
14025637
14027653
14032567
14035627
14052673
14056723
14062357
14062753
14063527
14123567
14125763
14127563
14127653
14152367
14152673
14152763
14156327
14157263
14162573
14163257
14165273
14213657
14215367
14216753
14217653
14233657
14234567
14235467
14235667
14235671
14235673
14235677
14235679
14236357
14236507
14236571
14236597
14236751
14236753
14237651
14237659
14243657
14246537
14250763
14253067
14253677
14253697
14254673
14256037
14256317
14256367
14256377
14256379
14256673
14256703
14256713
14256733
14256743
14256763
14257063
14257603
14257637
14257693
14259673
14260537
14260573
14261537
14263507
14263567
14263957
14264357
14265073
14265137
14265337
14265437
14265731
14265739
14265793
14266573
14267359
14267503
14267531
14267543
14267753
14273563
14273569
14273653
14274653
14275361
14275363
14275633
14275693
14276351
14276357
14276453
14276513
14276573
14276593
14276953
14279563
14296357
14296537
14296573
14297653
14323567
14323657
14325167
14325617
14325671
14325673
14326157
14326357
14326517
14326537
14326567
14326573
14326657
14326757
14326759
14327561
14327563
14327567
14327569
14327657
14327659
14332567
14335627
14345267
14346257
14351627
14352367
14352617
14352647
14352697
14352769
14353267
14354267
14356127
14356217
14356327
14357263
14357621
14357627
14362057
14362357
14362457
14362507
14362573
14362577
14362597
14364257
14364527
14365207
14365297
14365327
14365627
14365721
14365727
14367251
14367253
14367259
14367523
14369527
14372653
14375261
14375623
14376253
14395267
14396527
14427563
14427653
14432567
14452367
14453627
14456237
14457263
14462537
14503267
14513267
14516273
14520637
14520763
14521673
14523367
14523671
14523679
14526173
14526367
14526371
14526373
14526377
14526437
14526703
14526737
14526763
14526793
14526937
14526973
14527361
14527363
14527763
14527963
14530267
14531267
14532673
14532677
14532697
14533627
14534627
14536217
14536267
14536297
14536721
14536927
14537269
14539627
14542763
14543267
14560237
14562137
14562173
14562367
14562371
14562377
14562397
14562637
14562763
14562773
14562937
14562973
14563027
14563207
14563247
14564723
14567023
14567123
14567213
14569237
14572163
14572463
14572603
14572631
14572637
14572763
14573261
14573263
14573621
14576203
14576213
14576329
14592673
14593627
14596723
14612357
14612573
14612753
14615273
14620537
14621357
14621573
14621753
14623457
14623571
14623573
14623577
14623751
14624537
14625137
14625379
14625437
14625473
14625713
14626753
14627357
14627573
14627593
14627953
14631257
14632157
14632507
14632567
14632573
14632753
14632759
14633257
14634527
14635217
14635273
14635723
14635927
14636527
14637521
14643257
14650327
14651237
14651327
14651723
14652307
14652347
14652397
14652713
14652731
14652733
14652773
14653027
14653127
14653271
14653279
14653627
14654273
14657231
14657243
14657329
14659237
14662573
14665327
14665723
14667253
14672153
14672353
14672543
14672653
14672953
14673523
14674523
14675321
14675623
14675723
14693257
14695237
14705623
14715263
14716523
14720653
14723567
14723659
14725063
14725163
14725631
14725637
14725643
14725663
14726353
14726531
14729563
14729653
14732561
14735267
14735629
14736257
14736523
14736529
14745623
14746253
14752369
14752631
14752693
14752763
14753623
14754263
14756213
14756239
14762053
14762357
14762513
14762543
14763251
14763253
14765237
14765239
14765293
14765327
14765423
14775263
14776253
14792653
14796253
14926537
14926573
14926753
14935267
14956237
14956273
14956327
14956723
14962357
14962537
14962573
14963257
14965273
14967523
15024637
15026743
15032467
15034627
15043627
15046237
15046327
15062743
15064327
15064723
15076423
15124673
15126347
15126437
15127643
15142367
15142637
15146237
15146273
15146723
15162347
15162473
15164273
15164327
15167423
15172463
15176423
15206743
15207463
15233467
15234607
15234677
15234679
15234697
15234761
15236447
15236497
15236647
15236747
15237463
15237641
15237643
15239467
15243367
15243467
15243607
15243617
15243637
15243671
15243673
15243769
15244763
15246307
15246337
15246397
15246437
15246703
15246713
15246937
15247163
15247361
15247637
15247763
15249763
15260437
15260473
15263147
15263407
15263447
15263747
15264037
15264173
15264397
15264637
15264673
15264713
15264731
15264937
15264973
15267341
15267349
15267403
15267437
15267443
15267493
15267743
15269743
15271463
15273469
15273647
15273649
15274361
15274463
15274631
15276043
15302647
15312467
15320467
15320647
15324607
15324677
15324761
15324767
15326417
15326477
15327461
15327469
15327647
15341267
15342167
15342617
15342637
15342647
15342667
15342673
15342697
15342763
15343267
15346127
15346217
15346237
15346297
15347261
15347627
15349267
15362147
15362447
15362471
15362647
15363247
15364247
15364267
15364273
15364927
15367249
15374621
15374627
15376243
15376429
15392467
15396427
15402637
15406273
15406327
15412763
15413267
15416237
15416273
15416327
15420367
15420637
15423671
15423673
15423697
15423761
15423767
15426371
15426673
15426713
15426731
15426737
15426937
15427361
15427369
15427613
15429367
15429637
15429763
15432467
15432673
15432679
15432763
15433267
15436217
15436237
15436273
15436279
15436297
15436327
15436627
15437267
15443627
15460273
15461273
15461723
15462037
15462173
15462347
15462373
15462703
15462731
15462763
15462793
15462973
15463237
15463247
15463267
15463271
15463277
15463627
15467323
15467423
15467623
15467723
15467923
15469327
15471623
15472361
15472367
15472463
15472603
15472637
15472663
15472673
15472693
15473261
15473267
15474623
15476213
15476243
15476623
